nombre:A
tamano:10:12
color:Blue
tP:0.3
0,4
1,4
2,3
2,5
3,3
3,5
4,2
4,6
5,2
5,3
5,4
5,5
5,6
6,1
6,2
6,6
6,7
7,1
7,7
7,8
8,0
8,1
8,8
8,9
9,9
9,10
9,11
nombre:B
tamano:10:8
color:Blue
tP:0.3
0,2
0,3
0,4
0,5
1,2
1,6
2,2
2,6
3,2
3,6
4,1
4,2
4,3
4,4
4,5
5,0
5,2
5,5
5,6
6,2
6,7
7,2
7,7
8,2
8,7
9,2
9,3
9,4
9,5
9,6
nombre:C
tamano:10:7
color:Blue
tP:0.3
0,2
0,3
0,4
0,5
1,1
1,6
2,0
2,6
3,0
4,0
5,0
6,0
7,0
8,1
9,2
9,3
9,4
9,5
8,6
nombre:D
tamano:10:9
color:Blue
tP:0.3
0,1
0,2
0,3
0,4
0,5
0,6
1,0
1,2
1,7
2,2
2,8
3,2
3,8
4,2
4,8
5,2
5,8
6,2
6,8
7,2
7,8
8,0
8,2
8,7
9,1
9,2
9,3
9,4
9,5
9,6
nombre:E
tamano:10:7
color:Blue
tP:0.3
0,0
0,1
0,2
0,3
0,4
0,5
0,6
1,1
2,1
3,1
4,1
4,2
4,3
4,4
5,1
6,1
7,1
8,1
8,6
9,0
9,1
9,2
9,3
9,4
9,5
nombre:F
tamano:10:7
color:Blue
tP:0.3
0,0
0,1
0,2
0,3
0,4
0,5
0,6
1,1
2,1
3,1
4,1
4,2
4,3
4,4
5,1
6,1
7,1
8,1
9,0
9,1
nombre:G
tamano:10:7
color:Blue
tP:0.3
0,2
0,3
0,4
0,5
1,1
1,6
2,0
3,0
4,0
5,0
5,3
5,4
5,5
6,0
6,6
7,0
7,6
8,1
8,5
9,2
9,3
9,4
nombre:H
tamano:10:6
color:Blue
tP:0.3
0,0
0,1
0,4
0,5
1,1
1,5
2,1
2,5
3,1
3,5
4,1
4,2
4,3
4,4
4,5
5,1
5,5
6,1
6,5
7,1
7,5
8,1
8,5
9,5
nombre:I
tamano:10:5
color:Blue
tP:0.3
0,0
0,1
0,2
0,3
0,4
1,2
2,2
3,2
4,2
5,2
6,2
7,2
8,2
9,0
9,1
9,2
9,3
9,4
nombre:J
tamano:10:7
color:Blue
tP:0.3
0,1
0,2
0,3
0,4
0,5
0,6
1,4
2,4
3,4
4,4
5,4
6,1
6,4
7,0
7,4
8,0
8,4
9,1
9,2
9,3
nombre:K
tamano:10:8
color:Blue
tP:0.3
0,0
0,1
1,1
1,5
2,1
2,4
3,1
3,3
4,1
4,2
5,1
5,2
6,1
6,3
7,1
7,4
8,1
8,5
9,0
9,1
9,6
9,7
nombre:L
tamano:10:6
color:Blue
tP:0.3
0,0
0,1
1,1
2,1
3,1
4,1
5,1
6,1
7,1
8,1
8,5
9,1
9,2
9,3
9,4
9,5
nombre:M
tamano:10:11
color:Blue
tP:0.3
0,0
0,1
0,9
0,10
1,1
1,2
1,8
1,9
2,1
2,3
2,7
2,9
3,1
3,4
3,6
3,9
4,1
4,5
4,9
5,1
5,9
6,1
6,9
7,1
7,9
8,1
8,9
9,0
9,1
9,9
9,10
nombre:N
tamano:10:8
color:Blue
tP:0.3
0,0
0,1
0,6
0,7
1,1
1,2
1,6
2,1
2,2
2,6
3,1
3,3
3,6
4,1
4,3
4,6
5,1
5,4
5,6
6,1
6,4
6,6
7,1
7,5
7,6
8,1
8,5
8,6
9,0
9,1
9,6
nombre:Ñ
tamano:10:8
color:Blue
tP:0.3
0,2
0,3
0,6
1,1
1,4
1,5
3,0
3,1
3,6
3,7
4,1
4,2
4,6
5,1
5,2
5,3
5,6
6,1
6,3
6,4
6,6
7,1
7,4
7,5
7,6
8,1
8,5
8,6
9,0
9,1
9,6
nombre:O
tamano:10:10
color:Blue
tP:0.3
0,3
0,4
0,5
0,6
1,2
1,7
2,1
2,8
3,0
3,9
4,0
4,9
5,0
5,9
6,0
6,9
7,1
7,8
8,2
8,7
9,3
9,4
9,5
9,6
nombre:P
tamano:10:6
color:Blue
tP:0.3
0,0
0,1
0,2
0,3
1,1
1,4
2,1
2,5
3,1
3,5
4,1
4,4
5,1
5,2
5,3
6,1
7,1
8,1
9,1
9,2
nombre:Q
tamano:10:10
color:Blue
tP:0.3
0,3
0,4
0,5
0,6
1,2
1,7
2,1
2,8
3,0
3,9
4,0
4,9
5,0
5,9
6,0
6,6
6,9
7,0
7,7
7,9
8,1
8,8
9,2
9,3
9,4
9,5
9,6
9,7
9,9
nombre:R
tamano:10:7
color:Blue
tP:0.3
0,0
0,1
0,2
0,3
1,1
1,4
2,1
2,5
3,1
3,5
4,1
4,4
5,1
5,2
5,3
6,1
6,2
7,1
7,3
8,1
8,4
9,0
9,1
9,5
9,6
nombre:S
tamano:10:6
color:Blue
tP:0.3
0,1
0,2
0,3
0,4
1,0
1,5
2,0
3,0
4,1
4,2
5,3
5,4
6,5
7,5
8,0
8,5
9,1
9,2
9,3
9,4
nombre:T
tamano:10:7
color:Blue
tP:0.3
0,1
0,2
0,3
0,4
0,5
0,6
1,3
2,3
3,3
4,3
5,3
6,3
7,3
8,3
9,3
nombre:U
tamano:10:8
color:Blue
tP:0.3
0,0
0,1
0,6
0,7
1,1
1,6
2,1
2,6
3,1
3,6
4,1
4,6
5,1
5,6
6,1
6,6
7,1
7,6
8,1
8,6
9,2
9,3
9,4
9,5
nombre:V
tamano:10:9
color:Blue
tP:0.3
0,0
0,8
1,1
1,7
2,1
2,7
3,1
3,7
4,2
4,6
5,2
5,6
6,3
6,5
7,3
7,5
8,3
8,4
8,5
9,4
nombre:W
tamano:10:11
color:Blue
tP:0.3
0,0
0,1
0,9
0,10
1,1
1,9
2,1
2,9
3,1
3,9
4,1
4,9
5,1
5,5
5,9
6,1
6,4
6,6
6,9
7,1
7,3
7,7
7,9
8,1
8,2
8,8
8,9
9,0
9,1
9,9
9,10
nombre:X
tamano:10:7
color:Blue
tP:0.3
0,1
0,5
1,2
1,4
2,2
2,4
3,3
4,3
5,2
5,4
6,2
6,4
7,1
7,5
8,1
8,5
9,0
9,6
nombre:Y
tamano:10:7
color:Blue
tP:0.3
0,0
0,6
1,0
1,6
2,1
2,5
3,2
3,4
4,2
4,4
5,3
6,3
7,0
7,3
8,0
8,3
9,1
9,2
nombre:Z
tamano:10:7
color:Blue
tP:0.3
0,0
0,1
0,2
0,3
0,4
0,5
0,6
1,6
2,5
3,4
4,1
4,2
4,3
4,4
4,5
5,2
6,1
7,0
8,0
8,6
9,1
9,2
9,3
9,4
9,5
